3.1781 3.2457428206417706e-07
3.1904031 4.89369486010733e-07
3.2027062 7.328777557195742e-07
3.2150093 1.0901797662843092e-06
3.2273124 1.6107816228182054e-06
3.2396155 2.363998710261603e-06
3.2519186 3.4461158434193867e-06
3.2642217000000002 4.98981707700757e-06
3.2765248000000002 7.176481005334402e-06
3.2888279000000002 1.0252048753384365e-05
3.3011310000000003 1.4547288105210292e-05
3.3134341000000003 2.050339207558649e-05
3.3257372000000003 2.8703954779053297e-05
3.3380403000000003 3.991444970079221e-05
3.3503434000000003 5.513038012117598e-05
3.3626465000000003 7.563525981221985e-05
3.3749496000000003 0.00010306949240343541
3.3872527000000003 0.00013951102571459637
3.3995558000000003 0.00018756833722734212
3.4118589000000004 0.000250485833414029
3.4241620000000004 0.0003322610962103632
3.4364651000000004 0.00043777256742056015
3.4487682000000004 0.0005729152181943634
3.4610713000000004 0.000744740510638068
3.4733744000000004 0.0009615955435714813
3.4856775000000004 0.0012332547262861287
3.4979806000000004 0.0015710357081690654
3.5102837000000005 0.0019878896986996425
3.5225868000000005 0.0024984548573028327
3.5348899000000005 0.003119060254530942
3.5471930000000005 0.0038676671617144595
3.5594961000000005 0.004763734282217733
3.5717992000000005 0.005827994159286058
3.5841023000000005 0.007082129533681872
3.5964054000000005 0.008548340998246568
3.6087085000000005 0.010248800977117759
3.6210116000000006 0.01220499384994686
3.6333147000000006 0.014436947870659666
3.6456178000000006 0.01696237122834516
3.6579209000000006 0.019795711898879614
3.6702240000000006 0.022947168477480146
3.6825271000000006 0.026421686515896017
3.6948302000000006 0.03021798149831006
3.7071333000000006 0.03432763492486572
3.7194364000000006 0.03873431347881525
3.7317395000000007 0.04341316242410734
3.7440426000000007 0.048330422796804454
3.7563457000000007 0.05344331733457677
3.7686488000000007 0.058700242329680165
3.7809519000000007 0.06404129179718084
3.7932550000000007 0.06939912685320078
3.8055581000000007 0.0747001875563561
3.8178612000000007 0.07986622744698489
3.8301643000000007 0.08481613356198517
3.8424674000000008 0.08946797786222165
3.8547705000000008 0.09374123088355739
3.8670736000000008 0.09755905607560222
3.879376700000001 0.10085059466999541
3.891679800000001 0.10355314677087116
3.903982900000001 0.10561415516739099
3.916286000000001 0.10699290430030274
3.928589100000001 0.10766185769856026
3.940892200000001 0.10760757252425061
3.953195300000001 0.10683114879748433
3.965498400000001 0.10534819233141393
3.977801500000001 0.10318829312180414
3.990104600000001 0.10039404354452203
4.002407700000001 0.09701964186463811
4.014710800000001 0.09312914500576278
4.027013900000001 0.08879444921716102
4.0393170000000005 0.0840930874274531
4.051620100000001 0.07910593722481324
4.063923200000001 0.07391493343477878
4.076226300000001 0.06860087439719283
4.0885294000000005 0.06324140180105409
4.100832500000001 0.05790922110338399
4.1131356000000014 0.05267061410456281
4.125438700000001 0.047584278252327465
4.137741800000001 0.04270050979652969
4.150044900000001 0.03806073105708706
4.1623480000000015 0.03369734671367436
4.174651100000001 0.029633900914887705
4.186954200000001 0.025885496661262046
4.199257300000001 0.022459431636784512
4.2115604000000015 0.019356000518829592
4.223863500000001 0.01656941265342915
4.236166600000001 0.014088775536550824
4.248469700000001 0.011899098358047148
4.260772800000002 0.009982275425377501
4.273075900000001 0.008318016034555377
4.285379000000001 0.006884694747525716
4.297682100000001 0.005660103562098979
4.309985200000002 0.004622094686437339
4.322288300000001 0.003749109206996534
4.334591400000001 0.0030205926160942705
4.346894500000001 0.002417302789804392
4.359197600000002 0.0019215195163474954
4.371500700000001 0.0015171670858480219
4.383803800000001 0.001189862843509847
4.396106900000001 0.000926905104921412
4.408410000000002 0.0007172135878890655
4.420713100000001 0.0005512346962024551
4.433016200000001 0.0004208227625795389
4.445319300000001 0.0003191068748451536
4.457622400000002 0.0002403513063405969
4.469925500000001 0.00017981596030017447
4.482228600000001 0.0001336217047036963
4.494531700000001 9.862408004014626e-05
4.506834800000002 7.229764544958002e-05
4.519137900000001 5.263220669458248e-05
4.531441000000001 3.804134374915754e-05
4.543744100000001 2.728301525491336e-05
4.556047200000002 1.939154147074318e-05
4.568350300000001 1.3619930661321914e-05
4.580653400000001 9.391287062637233e-06
4.592956500000001 6.2578915071733085e-06
4.605259600000002 3.866448750480028e-06
4.6175627000000015 1.9279200641273986e-06
4.629865800000001 1.902790525690573e-07
4.6421689000000015 -1.5875818559506424e-06
4.654472000000002 -3.662730027728359e-06
4.6667751000000015 -6.338028959387924e-06
4.679078200000001 -9.997434090062215e-06
4.6913813000000015 -1.5149687458054477e-05
4.703684400000002 -2.2483909263472944e-05
4.7159875000000016 -3.294127184042125e-05
4.728290600000001 -4.7807758347684614e-05
4.740593700000002 -6.883394545915809e-05
4.752896800000002 -9.838878405781663e-05
4.765199900000002 -0.00013965544482399467
4.777503000000001 -0.0001968783856339012
4.789806100000002 -0.00027567179813377306
4.802109200000002 -0.00038340038559586974
4.814412300000002 -0.0005296438650718228
4.826715400000001 -0.0007267564932007045
4.839018500000002 -0.000990532075677622
4.851321600000002 -0.0013409830998465646
4.863624700000002 -0.001803239579007118
4.875927800000001 -0.0024085686692204606
4.888230900000002 -0.003195509892701838
4.900534000000002 -0.0042111127069206535
4.912837100000002 -0.005512253111641752
4.925140200000001 -0.0071669940262002055
4.937443300000002 -0.009255940495750193
4.949746400000002 -0.01187352579399175
4.962049500000002 -0.015129148802844175
4.974352600000001 -0.019148067532623783
4.986655700000002 -0.024071939410776642
4.998958800000002 -0.030058887349139814
5.011261900000002 -0.037282963112862486
5.023565000000001 -0.04593287777387951
5.035868100000002 -0.05620987464905686
5.048171200000002 -0.06832463457050222
5.060474300000002 -0.08249312779215118
5.072777400000001 -0.09893136202052616
5.085080500000002 -0.1178490220587211
5.097383600000002 -0.1394420526842585
5.109686700000002 -0.16388430106546517
5.1219898000000015 -0.19131840572825726
5.134292900000002 -0.22184619234647696
5.146596000000002 -0.2555189081300137
5.158899100000002 -0.29232769135361153
5.1712022000000015 -0.33219472525303284
5.183505300000002 -0.37496556074056653
5.195808400000002 -0.42040310518458407
5.208111500000002 -0.46818376073606466
5.220414600000002 -0.517896152547372
5.232717700000002 -0.5690428135957709
5.2450208000000025 -0.6210450895900675
5.257323900000002 -0.6732513976908742
5.269627000000002 -0.7249488218118222
5.281930100000002 -0.7753778624332516
5.2942332000000025 -0.8237499891826068
5.306536300000002 -0.8692674801048244
5.318839400000002 -0.9111448832302128
5.331142500000002 -0.9486313141239856
5.343445600000003 -0.9810327168491895
5.355748700000002 -1.0077331726006407
5.368051800000002 -1.0282143450414174
5.380354900000002 -1.0420722059321967
5.392658000000003 -1.0490302875190558
5.404961100000002 -1.0489488545499195
5.417264200000002 -1.0418295708715724
5.429567300000002 -1.0278154429094242
5.441870400000003 -1.0071860427105848
5.454173500000002 -0.980348233445925
5.466476600000002 -0.9478228271394918
5.478779700000002 -0.910227785718601
5.491082800000003 -0.8682587219017415
5.503385900000002 -0.8226675581823516
5.515689000000002 -0.774240255516991
5.527992100000002 -0.7237745269003296
5.540295200000003 -0.6720584067213922
5.552598300000002 -0.6198504595831695
5.564901400000002 -0.5678622895909362
5.577204500000002 -0.51674386228557
5.589507600000003 -0.4670719868072389
5.601810700000002 -0.4193421361835477
5.614113800000002 -0.3739636190063817
5.626416900000002 -0.3312579651820803
5.638720000000003 -0.29146025919866403
5.651023100000002 -0.25472305168828857
5.663326200000002 -0.22112240699537797
5.675629300000002 -0.19066560182051978
5.687932400000003 -0.1632999766179028
5.7002355000000025 -0.1389224544055373
5.712538600000002 -0.11738927683651257
5.7248417000000025 -0.09852555976727663
5.737144800000003 -0.08213433474728143
5.7494479000000025 -0.06800481347666024
5.761751000000002 -0.05591968435897449
5.7740541000000025 -0.04566131950788684
5.786357200000003 -0.03701683350099337
5.7986603000000025 -0.029781989317463727
5.810963400000002 -0.02376399072495652
5.823266500000003 -0.01878323328639435
5.835569600000003 -0.014674108335391324
5.847872700000003 -0.011284966579345117
5.860175800000002 -0.008477351790977333
5.872478900000003 -0.00612461203871597
5.884782000000003 -0.004109987962503031
5.897085100000003 -0.0023242666492204523
5.909388200000002 -0.0006630775580498267
5.921691300000003 0.0009761046100940448
5.933994400000003 0.002697194740065623
5.946297500000003 0.004608920783676584
5.958600600000002 0.006828389058525717
5.970903700000003 0.009484742070915321
5.983206800000003 0.01272285224013237
5.995509900000003 0.016706982853712693
6.007813000000002 0.02162433133599145
6.020116100000003 0.02768835034855565
6.032419200000003 0.035141720597783484
6.044722300000003 0.04425882706640604
6.057025400000002 0.0553475695627829
6.069328500000003 0.06875032106238976
6.081631600000003 0.0848438354985523
6.093934700000003 0.10403790265414345
6.106237800000002 0.1267725536971295
6.118540900000003 0.15351363849263422
6.130844000000003 0.18474662646783271
6.143147100000003 0.2209685272503342
6.155450200000002 0.2626778855397941
6.167753300000003 0.3103628758348859
6.180056400000003 0.3644876049197627
6.192359500000003 0.4254768206710789
6.2046626000000025 0.49369932115046733
6.216965700000003 0.5694504537141514
6.229268800000003 0.6529341850553315
6.241571900000003 0.7442453044407589
6.2538750000000025 0.8433523886409505
6.266178100000003 0.9500822032192714
6.278481200000003 1.0641062365984804
6.290784300000003 1.1849300572458736
6.303087400000003 1.3118861481652644
6.315390500000003 1.4441308057745617
6.3276936000000035 1.5806455927765515
6.339996700000003 1.720243708899459
6.352299800000003 1.8615814929512233
6.364602900000003 2.0031750993863047
6.3769060000000035 2.1434222085574026
6.389209100000003 2.2806284389525895
6.401512200000003 2.4130379395710104
6.413815300000003 2.538867459080842
6.426118400000004 2.6563430234875223
6.438421500000003 2.7637382134137334
6.450724600000003 2.8594129228886027
6.463027700000003 2.9418514100331477
6.475330800000004 3.0096984213250226
6.487633900000003 3.0617921888930972
6.499937000000003 3.097193166474977
6.512240100000003 3.115207484244017
6.524543200000004 3.1154042634867727
6.536846300000003 3.0976261346067715
6.549149400000003 3.061992539351536
6.561452500000003 3.0088956615016906
6.573755600000004 2.938989108560722
6.586058700000003 2.8531697477340745
6.598361800000003 2.752553369207078
6.610664900000003 2.638445094681117
6.622968000000004 2.5123056561164963
6.635271100000003 2.375714826884004
6.647574200000003 2.230333385532759
6.659877300000003 2.0778650246497277
6.672180400000004 1.9200195809495764
6.684483500000003 1.7584788589268743
6.696786600000003 1.5948661543674219
6.709089700000003 1.4307203649073916
6.721392800000004 1.267475315226373
6.733695900000003 1.1064446395976417
6.745999000000003 0.9488122712971057
6.758302100000003 0.7956283042200828
6.770605200000004 0.6478097337288988
6.782908300000003 0.5061453661732616
6.795211400000003 0.3713040217329057
6.8075145000000035 0.24384505157205666
6.819817600000004 0.12423015186687685
6.8321207000000035 0.01283548370040489
6.844423800000003 -0.09003680561166108
6.8567269000000035 -0.1841484261424123
6.869030000000004 -0.26931674259667726
6.8813331000000035 -0.34540891060151496
6.893636200000003 -0.4123385239513128
6.9059393000000036 -0.47006473623402145
6.918242400000004 -0.5185936310691026
6.930545500000004 -0.557981457483757
6.942848600000003 -0.5883392301296488
6.955151700000004 -0.6098381241311727
6.967454800000004 -0.6227150737791495
6.979757900000004 -0.6272780118711075
6.992061000000003 -0.6239102577734893
7.004364100000004 -0.6130736699583281
7.016667200000004 -0.5953103134191757
7.028970300000004 -0.5712425431814567
7.041273400000003 -0.5415715606615052
7.053576500000004 -0.5070746485851066
7.065879600000004 -0.46860142198787674
7.078182700000004 -0.42706953816455867
7.090485800000003 -0.38346037956795187
7.102788900000004 -0.3388152545998661
7.115092000000004 -0.2942326478308466
7.127395100000004 -0.25086699108187716
7.139698200000003 -0.20992931940373968
7.152001300000004 -0.17269002243017878
7.164304400000004 -0.14048370476502867
7.176607500000004 -0.11471593381708024
7.188910600000003 -0.09687138682204285
7.201213700000004 -0.08852262020865623
7.213516800000004 -0.09133838638689314
7.225819900000005 -0.10709013108190933
7.238123000000003 -0.13765503749894017
7.250426100000004 -0.18501376411954354
7.262729200000004 -0.2512408757598798
7.275032300000005 -0.33848591933059535
7.2873354000000035 -0.4489431733071521
7.299638500000004 -0.5848083280057016
7.311941600000004 -0.7482207524494958
7.324244700000005 -0.9411905853378563
7.3365478000000035 -1.1655106540671034
7.348850900000004 -1.422654164915524
7.361154000000004 -1.7136601913907366
7.373457100000005 -2.039010170937772
7.3857602000000036 -2.3984998398040576
7.398063300000004 -2.791112212994539
7.4103664000000045 -3.214898259484035
7.422669500000005 -3.666872733424719
7.434972600000004 -4.142933100864637
7.447275700000004 -4.637809557325837
7.4595788000000045 -5.145053690371645
7.471881900000005 -5.657072355093957
7.484185000000004 -6.165211785706981
7.496488100000004 -6.65989489034858
7.5087912000000046 -7.130812140328481
7.521094300000005 -7.567163585504505
7.533397400000004 -7.957946460895654
7.545700500000004 -8.29227978535087
7.558003600000005 -8.559754501048241
7.570306700000005 -8.750795278371264
7.582609800000004 -8.857018318269047
7.594912900000004 -8.871568498146132
7.607216000000005 -8.789419156015134
7.619519100000005 -8.607618759146616
7.631822200000004 -8.325470655662828
7.644125300000004 -7.9446349838672585
7.656428400000005 -7.469145465481743
7.668731500000005 -6.905338022225944
7.681034600000004 -6.2616926676131035
7.693337700000004 -5.548594644603955
7.705640800000005 -4.77802500463846
7.717943900000005 -3.9631944709407736
7.730247000000004 -3.1181372549721966
7.742550100000004 -2.2572833151892286
7.754853200000005 -1.3950282520894826
7.767156300000005 -0.5453195960448289
7.779459400000004 0.27872327809557174
7.791762500000004 1.0651408480041948
7.804065600000005 1.8034052126729092
7.816368700000005 2.484624117142004
7.828671800000004 3.101673370570486
7.840974900000004 3.6492577025659587
7.853278000000005 4.123903709116596
7.865581100000005 4.523891628682284
7.877884200000004 4.849135098864815
7.8901873000000045 5.10101967567625
7.902490400000005 5.282211718092158
7.914793500000005 5.39644928097188
7.927096600000004 5.4483260052608395
7.9393997000000045 5.443077774101538
7.951702800000005 5.386380273277797
7.964005900000005 5.284163722392535
7.976309000000004 5.142449094026985
7.9886121000000045 4.967208259878279
8.000915200000005 4.764248816655719
8.013218300000005 4.539122937997168
8.025521400000004 4.297058523334617
8.037824500000005 4.04291018672051
8.050127600000005 3.78112723311138
8.062430700000006 3.51573566652498
8.074733800000004 3.25033140659537
8.087036900000005 2.988082190898649
8.099340000000005 2.731736042048728
8.111643100000006 2.4836346180420694
8.123946200000004 2.2457301887768346
8.136249300000005 2.0196053513872485
8.148552400000005 1.8064948868579744
8.160855500000006 1.6073093593437289
8.173158600000004 1.4226601692708432
8.185461700000005 1.2528858030819223
8.197764800000005 1.0980789946133733
8.210067900000006 0.9581144472974559
8.222371000000004 0.8326766849260698
8.234674100000005 0.7212875219181176
8.246977200000005 0.6233325884550964
8.259280300000006 0.5380863231981505
8.271583400000004 0.4647348630599048
8.283886500000005 0.40239631715939994
8.296189600000005 0.3501380078251117
8.308492700000006 0.30699038921181754
8.320795800000004 0.27195750548407277
8.333098900000005 0.24402401627218953
8.345402000000005 0.22215898785814217
8.357705100000006 0.20531681564585122
8.370008200000004 0.1924357994745688
8.382311300000005 0.1824350322334756
8.394614400000005 0.17421037940027984
8.406917500000006 0.1666304190489801
8.419220600000004 0.15853327576653123
8.431523700000005 0.14872531525788849
8.443826800000005 0.1359826664994519
8.456129900000006 0.11905650191504716
8.468433000000005 0.09668292934998532
8.480736100000005 0.06759822823260159
8.493039200000005 0.030559991731410767
8.505342300000006 -0.015625487016978114
8.517645400000005 -0.07206952587892122
8.529948500000005 -0.13976133795079512
8.542251600000005 -0.21952295131025035
8.554554700000006 -0.3119598551720442
8.566857800000005 -0.41740891938151276
8.579160900000005 -0.5358855962558485
8.591464000000006 -0.6670328540647775
8.603767100000006 -0.8100746764877339
8.616070200000005 -0.9637772547144908
8.628373300000005 -1.1264211593687519
8.640676400000006 -1.2957877705488148
8.652979500000006 -1.4691630336546344
8.665282600000005 -1.6433611731776057
8.677585700000005 -1.814770326252354
8.689888800000006 -1.9794211589557984
8.702191900000006 -2.1330784264032445
8.714495000000005 -2.271354177811729
8.726798100000005 -2.3898399542213866
8.739101200000006 -2.4842539603656038
8.751404300000006 -2.5505979061454074
8.763707400000005 -2.585317105898105
8.776010500000005 -2.585456591887144
8.788313600000006 -2.5488055286859606
8.800616700000006 -2.474022175332792
8.812919800000005 -2.3607320741645377
8.825222900000005 -2.209593059007784
8.837526000000006 -2.022322045343638
8.849829100000006 -1.8016803294867956
8.862132200000005 -1.5514161874828374
8.874435300000005 -1.2761658042014117
8.886738400000006 -0.981315836470157
8.899041500000006 -0.6728330697552072
8.911344600000005 -0.35706851763972286
8.923647700000005 -0.04054480405601707
8.935950800000006 0.2702633470707601
8.948253900000006 0.5691452831796794
8.960557000000005 0.8503572250999465
8.972860100000005 1.1088024652733932
8.985163200000006 1.340181061675235
8.997466300000006 1.5411029043957531
9.009769400000005 1.7091601279466255
9.022072500000005 1.8429571123965909
9.034375600000006 1.942098607616423
9.046678700000006 2.0071386784089924
9.058981800000005 2.039495070581187
9.071284900000006 2.0413351303717024
9.083588000000006 2.0154404951942535
9.095891100000006 1.965058371321074
9.108194200000005 1.8937473194635708
9.120497300000006 1.8052251121275906
9.132800400000006 1.7032254665533684
9.145103500000006 1.5913693760531389
9.157406600000005 1.4730554572343169
9.169709700000006 1.3513723035742793
9.182012800000006 1.2290343876104415
9.194315900000007 1.108341675891974
9.206619000000005 0.9911618892202713
9.218922100000006 0.8789333133467077
9.231225200000006 0.7726852794533866
9.243528300000007 0.6730729061225568
9.255831400000005 0.5804224228349192
9.268134500000006 0.49478336087845187
9.280437600000006 0.41598406991651876
9.292740700000007 0.3436873578739203
9.305043800000005 0.27744351432200126
9.317346900000006 0.21673851851551326
9.329650000000006 0.1610358104084149
9.341953100000007 0.1098105789280366
9.354256200000005 0.06257606553008492
9.366559300000006 0.01890186886621908
9.378862400000006 -0.021575348054799742
9.391165500000007 -0.0591480129143457
9.403468600000005 -0.09403967702842
9.415771700000006 -0.12641177605889464
9.428074800000006 -0.15637388026226176
9.440377900000007 -0.18399617763670317
9.452681000000005 -0.20932297509438436
9.464984100000006 -0.23238609462844376
9.477287200000006 -0.25321717334160326
9.489590300000007 -0.27185803865004077
9.501893400000005 -0.2883685142020509
9.514196500000006 -0.30283121006613556
9.526499600000006 -0.31535305524683643
9.538802700000007 -0.32606353480196554
9.551105800000006 -0.3351097913162647
9.563408900000006 -0.3426489349559064
9.575712000000006 -0.3488380715775388
9.588015100000007 -0.35382269826095974
9.600318200000006 -0.3577242242366204
9.612621300000006 -0.3606274469855502
9.624924400000006 -0.3625688435834649
9.637227500000007 -0.36352652264224394
9.649530600000006 -0.36341262065343977
9.661833700000006 -0.36206881847972333
9.674136800000007 -0.3592655020062704
9.686439900000007 -0.3547049011509196
9.698743000000006 -0.348028321950644
9.711046100000006 -0.3388273483418887
9.723349200000007 -0.3266586467878965
9.735652300000007 -0.31106177284649517
9.747955400000006 -0.2915791694857519
9.760258500000006 -0.2677773773228416
9.772561600000007 -0.23926836020319095
9.784864700000007 -0.20572979605293806
9.797167800000006 -0.1669231992820661
9.809470900000006 -0.12270882910902413
9.821774000000007 -0.07305649486392404
9.834077100000007 -0.01805158633800244
9.846380200000006 0.04210407838200097
9.858683300000006 0.10709670023720154
9.870986400000007 0.17651004828181335
9.883289500000007 0.24983962051534236
9.895592600000006 0.3265106592433089
9.907895700000006 0.4058990437840306
9.920198800000007 0.48735392480587547
9.932501900000007 0.5702208769121153
9.944805000000006 0.6538643332788685
9.957108100000006 0.7376881265765447
9.969411200000007 0.8211530871931271
9.981714300000007 0.9037908316523457
9.994017400000006 0.9852130966275965
10.006320500000006 1.0651162209432343
10.018623600000007 1.1432806331229706
10.030926700000007 1.2195654503785767
10.043229800000006 1.2938985238856395
10.055532900000006 1.366262465482425
10.067836000000007 1.4366773568469626
10.080139100000007 1.5051809714802624
10.092442200000006 1.5718074330162422
10.104745300000006 1.6365652930018237
10.117048400000007 1.6994160407147876
10.129351500000007 1.760254059971661
10.141654600000006 1.8188890252554808
10.153957700000007 1.8750316821840225
10.166260800000007 1.928283883774941
10.178563900000007 1.9781336509868859
10.190867000000006 2.0239558896056207
10.203170100000007 2.065019221906798
10.215473200000007 2.1004991783715923
10.227776300000007 2.1294977425722768
10.240079400000006 2.151068955608416
10.252382500000007 2.164249974235794
10.264685600000007 2.1680966530117693
10.276988700000008 2.161722403733131
10.289291800000006 2.144338796877775
10.301594900000007 2.115296133111513
10.313898000000007 2.074122051254088
10.326201100000008 2.0205561728046586
10.338504200000006 1.9545788276208516
10.350807300000007 1.8764320690421388
10.363110400000007 1.786631469566262
10.375413500000008 1.6859675807693342
10.387716600000006 1.575496424948642
10.400019700000007 1.4565189341607443
10.412322800000007 1.330549831679813
10.424625900000008 1.1992770241916142
10.436929000000006 1.0645131020172387
10.449232100000007 0.9281409931581348
10.461535200000007 0.7920561538920647
10.473838300000008 0.6581078806243162
10.486141400000006 0.5280423809245429
10.498444500000007 0.40345014307477095
10.510747600000007 0.28571990081050436
10.523050700000008 0.17600112113635338
10.535353800000006 0.07517647450394584
10.547656900000007 -0.016154789199207983
10.559960000000007 -0.09768220247106528
10.572263100000008 -0.16937838517474513
10.584566200000006 -0.23148302007277627
10.596869300000007 -0.28447767905320165
10.609172400000007 -0.3290530406146802
10.621475500000008 -0.36607029217277637
10.633778600000007 -0.39651864957889615
10.646081700000007 -0.421470952372548
10.658384800000007 -0.44203921553411657
10.670687900000008 -0.4593318516966115
10.682991000000007 -0.474414041060009
10.695294100000007 -0.4882724412604886
10.707597200000007 -0.5017851184582726
10.719900300000008 -0.5156972651928678
10.732203400000007 -0.5306029689985531
10.744506500000007 -0.5469330238629168
10.756809600000008 -0.564948545813721
10.769112700000008 -0.5847399714440468
10.781415800000007 -0.6062308870940952
10.793718900000007 -0.6291860560009284
10.806022000000008 -0.6532229771366403
10.818325100000008 -0.6778263163575681
10.830628200000007 -0.7023645898683272
10.842931300000007 -0.7261085429094793
10.855234400000008 -0.7482507438005109
10.867537500000008 -0.767925996150744
10.879840600000007 -0.784232252164403
10.892143700000007 -0.7962517806972006
10.904446800000008 -0.8030723997305024
10.916749900000008 -0.8038086205157918
10.929053000000007 -0.7976225678214466
10.941356100000007 -0.783744537212297
10.953659200000008 -0.7614930274711474
10.965962300000008 -0.7302940469900221
10.978265400000007 -0.6896994413792167
10.990568500000007 -0.639403930880892
11.002871600000008 -0.5792604864073431
11.015174700000008 -0.5092936185556192
11.027477800000007 -0.42971011124383957
11.039780900000007 -0.3409067068146363
11.052084000000008 -0.2434742479927234
11.064387100000008 -0.13819780832095677
11.076690200000007 -0.02605239956434495
11.088993300000007 0.09180606671690075
11.101296400000008 0.2140547663730784
11.113599500000008 0.3392229533665928
11.125902600000007 0.4657158368956196
11.138205700000007 0.5918430392900357
11.150508800000008 0.7158511321465442
11.162811900000008 0.8359595527947814
11.175115000000007 0.9503990199617928
11.187418100000007 1.0574514073099945
11.199721200000008 1.1554899067979432
11.212024300000008 1.2430182298472556
11.224327400000007 1.318707560549886
11.236630500000008 1.381429996633501
11.248933600000008 1.4302872926981467
11.261236700000008 1.4646338551834177
11.273539800000009 1.4840931251166076
11.285842900000008 1.4885667152260447
11.298146000000008 1.4782359319538438
11.310449100000008 1.4535555975256786
11.322752200000007 1.415240378352974
11.335055300000008 1.3642441089488544
11.347358400000008 1.301732860958911
11.359661500000009 1.2290527319301683
11.371964600000009 1.1476935073503665
11.384267700000008 1.0592494744170582
11.396570800000008 0.965378732359662
11.408873900000009 0.8677623508180672
11.421177000000007 0.7680646770403734
11.433480100000008 0.6678959898232039
11.445783200000008 0.5687785510353041
11.458086300000009 0.4721169239563338
11.470389400000009 0.3791732223577651
11.482692500000008 0.29104773642643805
11.494995600000008 0.20866516209959052
11.507298700000009 0.13276644899126366
11.519601800000007 0.06390608726233098
11.531904900000008 0.0024544822110221937
11.544208000000008 -0.05139507814206355
11.556511100000009 -0.09761546966668998
11.56881420000001 -0.13633148031627906
11.581117300000008 -0.16780299546818936
11.593420400000008 -0.19240637365559374
11.605723500000009 -0.21061475555823145
11.618026600000007 -0.22297801380864488
11.630329700000008 -0.23010299447888327
11.642632800000008 -0.23263462682898967
11.654935900000009 -0.23123838990111775
11.66723900000001 -0.22658452670129225
11.679542100000008 -0.21933429282491004
11.691845200000008 -0.21012842014897723
11.704148300000009 -0.19957787121032117
11.716451400000008 -0.18825685955667087
11.728754500000008 -0.17669801898741425
11.741057600000008 -0.16538952330381676
11.753360700000009 -0.15477389085282942
11.76566380000001 -0.14524815738010924
11.777966900000008 -0.1371650687510198
11.790270000000008 -0.13083493374016197
11.802573100000009 -0.1265277875443314
11.814876200000008 -0.12447554944983936
11.827179300000008 -0.12487391284203425
11.839482400000009 -0.12788378113831603
11.851785500000009 -0.13363215675825246
11.86408860000001 -0.14221249813106018
11.876391700000008 -0.15368467681493672
11.888694800000009 -0.1680747864828302
11.900997900000009 -0.18537516987669989
11.913301000000008 -0.20554512973115044
11.925604100000008 -0.22851286514944177
11.937907200000009 -0.2541792156535353
11.950210300000009 -0.2824237911056337
11.96251340000001 -0.3131140080298836
11.974816500000008 -0.34611743477034174
11.987119600000009 -0.3813176657700793
11.999422700000009 -0.41863369959947655
12.011725800000008 -0.4580424918834909
12.024028900000008 -0.49960400451663844
12.036332000000009 -0.5434876942875639
12.04863510000001 -0.5899990011930056
12.06093820000001 -0.6396040387343215
12.073241300000008 -0.6929503889966581
12.085544400000009 -0.7508817001942315
12.09784750000001 -0.8144437091668474
12.110150600000008 -0.8848793981275821
12.122453700000008 -0.9636112689959879
12.134756800000009 -1.0522091947107568
12.14705990000001 -1.1523429861302747
12.15936300000001 -1.2657196802798958
12.171666100000008 -1.3940065775263175
12.183969200000009 -1.5387421800516499
12.19627230000001 -1.7012383428374118
12.208575400000008 -1.8824780580758564
12.220878500000008 -2.0830142618337497
12.233181600000009 -2.3028757821515953
12.24548470000001 -2.541486949442902
12.25778780000001 -2.797607385049835
12.270090900000008 -3.0692980158152174
12.282394000000009 -3.3539184048432267
12.29469710000001 -3.648159050488328
12.307000200000008 -3.9481104362116355
12.319303300000009 -4.24936840329502
12.331606400000009 -4.547172994761097
12.34390950000001 -4.836575442322893
12.35621260000001 -5.112625620793762
12.368515700000009 -5.370570267025104
12.380818800000009 -5.606050737662941
12.39312190000001 -5.815288223847438
12.405425000000008 -5.995244275129805
12.417728100000009 -6.143745280886362
12.430031200000009 -6.259561224302449
12.44233430000001 -6.342431502091998
12.45463740000001 -6.393033764367125
12.466940500000009 -6.412895382429142
12.479243600000009 -6.4042510553956635
12.49154670000001 -6.369853942748438
12.503849800000008 -6.312751268689309
12.516152900000009 -6.236038304698319
12.52845600000001 -6.142606750855888
12.54075910000001 -6.034904610795326
12.55306220000001 -5.914724568423079
12.565365300000009 -5.783036590264938
12.57766840000001 -5.639878049100731
12.58997150000001 -5.484311234264981
12.602274600000008 -5.314453902219042
12.614577700000009 -5.127583810994704
12.62688080000001 -4.920313298238739
12.63918390000001 -4.688825245287934
12.65148700000001 -4.429157549075932
12.663790100000009 -4.137519794022013
12.67609320000001 -3.8106234135982895
12.68839630000001 -3.4460054168725605
12.700699400000008 -3.0423258036148857
12.713002500000009 -2.5996200873012167
12.72530560000001 -2.119490787032472
12.73760870000001 -1.6052251595592055
12.74991180000001 -1.0618305837404565
12.762214900000009 -0.49598360407184366
12.77451800000001 0.0841066088037265
12.78682110000001 0.6689150071134367
12.799124200000008 1.2478880401080312
12.811427300000009 1.8097884911112816
12.82373040000001 2.3430818458209997
12.83603350000001 2.836346414246845
12.84833660000001 3.2786885584983416
12.860639700000009 3.660144476544103
12.87294280000001 3.97205099671095
12.88524590000001 4.207369643545458
12.897549000000009 4.360950704114851
12.909852100000009 4.42972699487506
12.92215520000001 4.412830332718452
12.93445830000001 4.311627179345836
12.94676140000001 4.129673393285239
12.959064500000009 3.8725913405088552
12.97136760000001 3.547875653003775
12.98367070000001 3.164636576332566
12.995973800000009 2.7332920262212164
13.00827690000001 2.2652211176340997
13.02058000000001 1.7723929977373851
13.03288310000001 1.2669852894339795
13.04518620000001 0.7610063398447167
13.05748930000001 0.2659347948776207
13.06979240000001 -0.20761116581432446
13.08209550000001 -0.6501642331554875
13.094398600000009 -1.0536493095687303
13.10670170000001 -1.4115693477768099
13.11900480000001 -1.7191316717633045
13.13130790000001 -1.9733132338438673
13.14361100000001 -2.1728656661740344
13.15591410000001 -2.3182632183344896
13.16821720000001 -2.411598640987223
13.18052030000001 -2.4564337020964997
13.192823400000009 -2.4576122511022227
13.20512650000001 -2.421044545871358
13.21742960000001 -2.3534719204655516
13.22973270000001 -2.2622208164939908
13.24203580000001 -2.154954767108347
13.25433890000001 -2.0394321691639488
13.26664200000001 -1.9232766780563593
13.27894510000001 -1.8137658916682255
13.291248200000009 -1.717642737296592
13.30355130000001 -1.6409527173122482
13.31585440000001 -1.5889089757166646
13.32815750000001 -1.565786075680759
13.34046060000001 -1.5748424683717146
13.35276370000001 -1.618270908840694
13.36506680000001 -1.697175540329228
13.37736990000001 -1.8115740120499189
13.389673000000009 -1.9604227909246545
13.40197610000001 -2.141663737731232
13.41427920000001 -2.3522899990083834
13.42658230000001 -2.588429272719912
13.43888540000001 -2.8454424962706413
13.45118850000001 -3.118035946204102
13.46349160000001 -3.400384607941435
13.47579470000001 -3.686264464202274
13.48809780000001 -3.9691910715329772
13.50040090000001 -4.242561471048355
13.51270400000001 -4.4997961517517515
13.52500710000001 -4.734477503027076
13.537310200000011 -4.940481013129883
13.54961330000001 -5.1120954482197885
13.56191640000001 -5.244128429744723
13.57421950000001 -5.331994250674633
13.58652260000001 -5.3717814467833165
13.59882570000001 -5.360298556628945
13.61112880000001 -5.295097624544662
13.62343190000001 -5.174476259226387
13.635735000000011 -4.997460366958382
13.64803810000001 -4.763770926027024
13.66034120000001 -4.473779241446508
13.67264430000001 -4.128455902692715
13.68494740000001 -3.729319061429018
13.69725050000001 -3.278387576456092
13.70955360000001 -2.7781440004520754
13.72185670000001 -2.2315113122269294
13.734159800000011 -1.641845781567028
13.74646290000001 -1.0129464908033303
13.75876600000001 -0.3490799693505785
13.77106910000001 0.3449837022000044
13.78337220000001 1.063928902377704
13.79567530000001 1.8018537670758539
13.80797840000001 2.5522390136665987
13.82028150000001 3.3079349289061404
13.832584600000011 4.0611748057174575
13.84488770000001 4.80362198196994
13.85719080000001 5.526455765094479
13.86949390000001 6.220499029506561
13.88179700000001 6.876387320217726
13.89410010000001 7.484776104780155
13.90640320000001 8.036579636287021
13.91870630000001 8.523231981042116
13.931009400000011 8.936958370591038
13.94331250000001 9.2710433684738
13.95561560000001 9.520081552281823
13.967918700000011 9.680196587791741
13.98022180000001 9.749215723985523
13.99252490000001 9.726788797913768
14.00482800000001 9.614443667183636
14.017131100000011 9.415573386411342
14.029434200000011 9.135354171112077
14.04173730000001 8.78059698544186
14.05404040000001 8.359539186532151
14.066343500000011 7.881585817008289
14.07864660000001 7.357012657911062
14.09094970000001 6.796644890355351
14.10325280000001 6.211526082993089
14.115555900000011 5.6125922073816765
14.127859000000011 5.01036453223631
14.14016210000001 4.414673663743377
14.15246520000001 3.8344248300215344
14.164768300000011 3.277411929910639
14.17707140000001 2.7501850690604233
14.18937450000001 2.2579734766313706
14.20167760000001 1.8046630039441254
14.213980700000011 1.392824994343908
14.226283800000012 1.0237912880445719
14.23858690000001 0.6977685541109471
14.25089000000001 0.4139840521590689
14.263193100000011 0.17085431124662745
14.27549620000001 -0.03383196418934496
14.28779930000001 -0.20272524994194369
14.30010240000001 -0.3387287978895961
14.312405500000011 -0.4448217071384044
14.324708600000012 -0.5238977987909513
14.33701170000001 -0.5786256138886234
14.34931480000001 -0.6113337906764439
14.361617900000011 -0.6239249920405919
14.37392100000001 -0.6178204656580131
14.38622410000001 -0.5939362360601753
14.39852720000001 -0.5526908508518958
14.410830300000011 -0.4940435325998198
14.423133400000012 -0.4175605267633573
14.43543650000001 -0.32250639562415134
14.447739600000011 -0.20795601036304437
14.460042700000011 -0.07292207201586534
14.47234580000001 0.08350780821088141
14.48464890000001 0.2620310650134109
14.496952000000011 0.46299416320645237
14.509255100000011 0.6862677140709739
14.521558200000012 0.9311396120846781
14.53386130000001 1.196232508267448
14.546164400000011 1.4794510013222082
14.558467500000011 1.7779626484917816
14.57077060000001 2.0882153207946446
14.58307370000001 2.405991624843847
14.595376800000011 2.7264991817127906
14.607679900000011 3.0444936053244245
14.619983000000012 3.3544291807137205
14.63228610000001 3.6506306280310294
14.644589200000011 3.9274780628675785
14.656892300000012 4.179596419269586
14.66919540000001 4.402040252793892
14.68149850000001 4.590465017614355
14.693801600000011 4.741276607723706
14.706104700000012 4.851752124611394
14.718407800000012 4.920126405694241
14.73071090000001 4.945640714814899
14.743014000000011 4.9285520344557625
14.755317100000012 4.870103475466209
14.76762020000001 4.77245830134661
14.77992330000001 4.638601828573449
14.792226400000011 4.472216909852685
14.804529500000012 4.277539757874592
14.816832600000012 4.059203478407752
14.82913570000001 3.8220768413500825
14.841438800000011 3.571105546169503
14.853741900000012 3.3111625815791177
14.86604500000001 3.0469133083593327
14.87834810000001 2.782699694606646
14.890651200000011 2.5224467979719614
14.902954300000012 2.2695932136843973
14.915257400000012 2.0270458778943854
14.927560500000011 1.7971584084766485
14.939863600000011 1.5817311389480317
14.952166700000012 1.3820301958661234
14.96446980000001 1.1988224068488418
14.976772900000011 1.0324225075623097
14.989076000000011 0.8827490277553177
15.001379100000012 0.749385351684867
15.013682200000012 0.6316427307641334
15.025985300000011 0.5286224342503248
15.038288400000011 0.4392747139123972
15.050591500000012 0.3624527891631852
15.06289460000001 0.29696059268803254
15.075197700000011 0.24159352191493455
15.087500800000011 0.1951718947830153
15.099803900000012 0.15656719284390241
15.112107000000012 0.12472148179472303
15.124410100000011 0.0986606266896164
15.136713200000012 0.0775020693727518
15.149016300000012 0.060458016348151435
15.16131940000001 0.0468349064000027
15.173622500000011 0.036030000401417774
15.185925600000012 0.027525872932381276
15.198228700000012 0.02088349813149126
15.210531800000012 0.01573452105414548
15.222834900000011 0.011773199551762564
15.235138000000012 0.008748397380439097
15.247441100000012 0.006455912121057512
15.25974420000001 0.004731335047337404
15.272047300000011 0.003443566289009408
15.284350400000012 0.002489048212881002
15.296653500000012 0.0017867326099672916
15.308956600000013 0.0012737620514270275
15.321259700000011 0.000901821227421862
15.333562800000012 0.000634098543929449
15.345865900000012 0.0004427899939814258
15.35816900000001 0.0003070746798878666
15.370472100000011 0.00021149283430651897
15.382775200000012 0.00014466146864801742
15.395078300000012 9.826879279943281e-05
15.407381400000013 6.629545292774284e-05
15.419684500000011 4.441778756557817e-05
15.431987600000012 2.9555255083075618e-05
15.444290700000012 1.9530642016021215e-05
15.456593800000011 1.2817449569457199e-05
15.468896900000011 8.353897412895705e-06
15.481200000000012 5.407270242088648e-06
