3.1781 3.292284596330493e-07
3.1904031 4.9638671630451e-07
3.2027062 7.433867313220251e-07
3.2150093 1.1058122131374938e-06
3.2273124 1.6338791512163108e-06
3.2396155 2.3978968666410017e-06
3.2519186 3.495530833899151e-06
3.2642217000000002 5.061367708083116e-06
3.2765248000000002 7.2793869309242205e-06
3.2888279000000002 1.0399056258228976e-05
3.3011310000000003 1.4755886462284693e-05
3.3134341000000003 2.0797396969865566e-05
3.3257372000000003 2.9115550243798643e-05
3.3380403000000003 4.048679614577201e-05
3.3503434000000003 5.592091280568682e-05
3.3626465000000003 7.671981872241795e-05
3.3749496000000003 0.00010454743981358872
3.3872527000000003 0.00014151152027738753
3.3995558000000003 0.0001902579414134851
3.4118589000000004 0.00025407763230758803
3.4241620000000004 0.00033702549753987277
3.4364651000000004 0.0004440499324988984
3.4487682000000004 0.0005811304382679567
3.4610713000000004 0.0007554195901917487
3.4733744000000004 0.0009753841788902
3.4856775000000004 0.001250938772130068
3.4979806000000004 0.0015935633068018247
3.5102837000000005 0.002016394704044615
3.5225868000000005 0.0025342810246742806
3.5348899000000005 0.003163785487165758
3.5471930000000005 0.003923126915436894
3.5594961000000005 0.004832043037610686
3.5717992000000005 0.005911563687700833
3.5841023000000005 0.007183682522433433
3.5964054000000005 0.008670918476265123
3.6087085000000005 0.010395761911028431
3.6210116000000006 0.012380005277973108
3.6333147000000006 0.014643964022756755
3.6456178000000006 0.017205600258026067
3.6579209000000006 0.02007956913394362
3.6702240000000006 0.023276215486743513
3.6825271000000006 0.02680055578407095
3.6948302000000006 0.030651287091013262
3.7071333000000006 0.03481987019207078
3.7194364000000006 0.03928973756168553
3.7317395000000007 0.04403567806355701
3.7440426000000007 0.04902344865284113
3.7563457000000007 0.054209658669949576
3.7686488000000007 0.059541964444570904
3.7809519000000007 0.06495960098011593
3.7932550000000007 0.07039426379826444
3.8055581000000007 0.07577133815739708
3.8178612000000007 0.08101145559608675
3.8301643000000007 0.08603234004572911
3.8424674000000008 0.09075088867404268
3.8547705000000008 0.09508541727837214
3.8670736000000008 0.09895798752371575
3.879376700000001 0.10229672457448737
3.891679800000001 0.10503802946035669
3.903982900000001 0.10712859133532301
3.916286000000001 0.1085271108063158
3.928589100000001 0.10920565654775845
3.940892200000001 0.10915059296045668
3.953195300000001 0.1083630358380726
3.965498400000001 0.10685881477065617
3.977801500000001 0.10466794405467178
3.990104600000001 0.10183362681209862
4.002407700000001 0.09841083847478903
4.014710800000001 0.09446455449968862
4.027013900000001 0.09006770208007174
4.0393170000000005 0.08529892591477109
4.051620100000001 0.08024026332234964
4.063923200000001 0.07497482401880942
4.076226300000001 0.06958456493801655
4.0885294000000005 0.06414824109873773
4.100832500000001 0.0587396005055072
4.1131356000000014 0.05342587539529068
4.125438700000001 0.04826660489788097
4.137741800000001 0.04331280647764311
4.150044900000001 0.03860649642280486
4.1623480000000015 0.03418054407443855
4.174651100000001 0.03005883118846524
4.186954200000001 0.026256677332343287
4.199257300000001 0.022781484833978998
4.2115604000000015 0.019633552596248053
4.223863500000001 0.016807006931113172
4.236166600000001 0.01429079914336437
4.248469700000001 0.012069723464715246
4.260772800000002 0.010125414579162087
4.273075900000001 0.008437290827658175
4.285379000000001 0.00698341667790148
4.297682100000001 0.005741265679887005
4.309985200000002 0.004688372457359052
4.322288300000001 0.003802868956516653
4.334591400000001 0.003063905932003455
4.346894500000001 0.002451965341058496
4.359197600000002 0.0019490728765057853
4.371500700000001 0.0015389223145386634
4.383803800000001 0.001206924764402823
4.396106900000001 0.0009401964108902713
4.408410000000002 0.000727498092784433
4.420713100000001 0.000559139229726104
4.433016200000001 0.0004268573643084893
4.445319300000001 0.0003236830819104259
4.457622400000002 0.00024379844498122796
4.469925500000001 0.00018239544449833703
4.482228600000001 0.00013553941666539436
4.494531700000001 0.00010004095968247667
4.506834800000002 7.333865221663352e-05
4.519137900000001 5.3393840296088566e-05
4.531441000000001 3.8597924390006296e-05
4.543744100000001 2.7691932333720423e-05
4.556047200000002 1.9697686421608364e-05
4.568350300000001 1.385953860625155e-05
4.580653400000001 9.595427518973658e-06
4.592956500000001 6.455875290446512e-06
4.605259600000002 4.089461840592022e-06
4.6175627000000015 2.2132619190250193e-06
4.629865800000001 5.866802560321709e-07
4.6421689000000015 -1.0129504979926995e-06
4.654472000000002 -2.814756813744145e-06
4.6667751000000015 -5.08061710711688e-06
4.679078200000001 -8.135531342863533e-06
4.6913813000000015 -1.2404579797858926e-05
4.703684400000002 -1.8459426759127586e-05
4.7159875000000016 -2.7077876838628152e-05
4.728290600000001 -3.932065253350276e-05
4.740593700000002 -5.663032398722761e-05
4.752896800000002 -8.095816700250996e-05
4.765199900000002 -0.00011492562043728904
4.777503000000001 -0.00016202790872633626
4.789806100000002 -0.00022688821779731717
4.802109200000002 -0.00031557146724091404
4.814412300000002 -0.00043596708603668314
4.826715400000001 -0.0005982501243260085
4.839018500000002 -0.0008154293454780265
4.851321600000002 -0.001103989446688229
4.863624700000002 -0.0014846320469298051
4.875927800000001 -0.001983116354581678
4.888230900000002 -0.002631195299999629
4.900534000000002 -0.0034676362504009696
4.912837100000002 -0.004539307145937825
4.925140200000001 -0.005902299037846578
4.937443300000002 -0.007623044735460329
4.949746400000002 -0.00977938090396786
4.962049500000002 -0.012461488010726583
4.974352600000001 -0.0157726297076421
4.986655700000002 -0.01982960147611861
4.998958800000002 -0.024762788750565087
5.011261900000002 -0.030715728524741432
5.023565000000001 -0.03784406696510735
5.035868100000002 -0.04631381013664232
5.048171200000002 -0.05629877680612563
5.060474300000002 -0.0679771824011954
5.072777400000001 -0.08152731216678621
5.085080500000002 -0.09712227945294721
5.097383600000002 -0.11492391132829656
5.109686700000002 -0.13507585704540973
5.1219898000000015 -0.15769607320744097
5.134292900000002 -0.18286889994225097
5.146596000000002 -0.21063700142603844
5.158899100000002 -0.24099349761304956
5.1712022000000015 -0.2738746576055508
5.183505300000002 -0.3091535543030346
5.195808400000002 -0.346635090692385
5.208111500000002 -0.38605279697254224
5.220414600000002 -0.4270677623095345
5.232717700000002 -0.46927000445431805
5.2450208000000025 -0.512182495450069
5.257323900000002 -0.5552679547405222
5.269627000000002 -0.5979383965248638
5.281930100000002 -0.6395672822345655
5.2942332000000025 -0.6795039889767901
5.306536300000002 -0.7170901690997539
5.318839400000002 -0.75167745349164
5.331142500000002 -0.7826458503950621
5.343445600000003 -0.8094221200709871
5.355748700000002 -0.8314973697074466
5.368051800000002 -0.8484431165770753
5.380354900000002 -0.8599251121408541
5.392658000000003 -0.8657143043841685
5.404961100000002 -0.8656944362263023
5.417264200000002 -0.8598659279046884
5.429567300000002 -0.8483458622256721
5.441870400000003 -0.8313640734018543
5.454173500000002 -0.8092555219790412
5.466476600000002 -0.782449309213564
5.478779700000002 -0.7514548341108476
5.491082800000003 -0.7168457166190161
5.503385900000002 -0.6792421947455805
5.515689000000002 -0.6392927477237219
5.527992100000002 -0.5976557006305238
5.540295200000003 -0.5549815296106814
5.552598300000002 -0.5118965151407738
5.564901400000002 -0.4689882897214923
5.577204500000002 -0.4267937036815566
5.589507600000003 -0.3857892969854447
5.601810700000002 -0.346384524853722
5.614113800000002 -0.3089177490173807
5.626416900000002 -0.2736548819587042
5.638720000000003 -0.2407904645614308
5.651023100000002 -0.2104508725297932
5.663326200000002 -0.18269928623788348
5.675629300000002 -0.15754202302368642
5.687932400000003 -0.1349358193703121
5.7002355000000025 -0.11479566054151646
5.712538600000002 -0.09700278361014844
5.7248417000000025 -0.08141252228839425
5.737144800000003 -0.06786171406621358
5.7494479000000025 -0.056175447444351365
5.761751000000002 -0.04617298539259733
5.7740541000000025 -0.03767275701546861
5.786357200000003 -0.03049635993121002
5.7986603000000025 -0.024471559040006502
5.810963400000002 -0.019434301975759884
5.823266500000003 -0.01522979719456562
5.835569600000003 -0.011712717651047602
5.847872700000003 -0.00874660224410051
5.860175800000002 -0.006202530034100649
5.872478900000003 -0.0039571403316402045
5.884782000000003 -0.0018900670183369392
5.897085100000003 0.00011915015759163443
5.909388200000002 0.0021946191440708725
5.921691300000003 0.0044680575934605655
5.933994400000003 0.007083104291143398
5.946297500000003 0.010199912777023496
5.958600600000002 0.013999945323296
5.970903700000003 0.01869086408394562
5.983206800000003 0.02451138837501127
5.995509900000003 0.03173595353836132
6.007813000000002 0.04067896922352593
6.020116100000003 0.0516984354343034
6.032419200000003 0.0651986362635375
6.044722300000003 0.0816315974445933
6.057025400000002 0.10149696875264994
6.069328500000003 0.12533998027957052
6.081631600000003 0.15374712712172803
6.093934700000003 0.18733926422095118
6.106237800000002 0.22676184547983574
6.118540900000003 0.2726721212441414
6.130844000000003 0.325723216709098
6.143147100000003 0.3865451497704248
6.155450200000002 0.4557230071097173
6.167753300000003 0.5337726762981498
6.180056400000003 0.6211147214434624
6.192359500000003 0.7180471802012576
6.2046626000000025 0.8247182388258586
6.216965700000003 0.9410998961768633
6.229268800000003 1.066963843711407
6.241571900000003 1.201860853613801
6.2538750000000025 1.3451049702093434
6.266178100000003 1.4957637323626554
6.278481200000003 1.652655512172789
6.290784300000003 1.8143548380640495
6.303087400000003 1.979206283578332
6.315390500000003 2.145347157319842
6.3276936000000035 2.310738840101195
6.339996700000003 2.473206202192187
6.352299800000003 2.6304841196466815
6.364602900000003 2.780269718649661
6.3769060000000035 2.9202786353563943
6.389209100000003 3.0483033086529407
6.401512200000003 3.1622711439506777
6.413815300000003 3.260300311715821
6.426118400000004 3.3407509827778203
6.438421500000003 3.4022699543354
6.450724600000003 3.4438268794855773
6.463027700000003 3.4647406656229274
6.475330800000004 3.464695033762655
6.487633900000003 3.443742707653973
6.499937000000003 3.402298201458016
6.512240100000003 3.3411196697316066
6.524543200000004 3.261280746366097
6.536846300000003 3.1641337055890237
6.549149400000003 3.051265608015988
6.561452500000003 2.9244493333153443
6.573755600000004 2.7855915396760937
6.586058700000003 2.6366796265821866
6.598361800000003 2.4797297150241318
6.610664900000003 2.316737507165791
6.622968000000004 2.1496336588930336
6.635271100000003 1.9802450099842075
6.647574200000003 1.810262686081275
6.659877300000003 1.6412177330122326
6.672180400000004 1.4744645855834926
6.684483500000003 1.3111723265081043
6.696786600000003 1.1523233712586214
6.709089700000003 0.9987189332827914
6.721392800000004 0.8509903902719798
6.733695900000003 0.7096154921959079
6.745999000000003 0.5749382289964259
6.758302100000003 0.4471911109886867
6.770605200000004 0.32651860668989574
6.782908300000003 0.2130005275415352
6.795211400000003 0.10667424168099005
6.8075145000000035 0.007554733013311102
6.819817600000004 -0.08434831035416643
6.8321207000000035 -0.1690170013034744
6.844423800000003 -0.24641576664059917
6.8567269000000035 -0.3164860666504675
6.869030000000004 -0.3791453081298516
6.8813331000000035 -0.43428973821855577
6.893636200000003 -0.48180092785956175
6.9059393000000036 -0.5215553037577461
6.918242400000004 -0.5534360723057137
6.930545500000004 -0.5773468023689097
6.942848600000003 -0.5932258983326646
6.955151700000004 -0.6010612005424109
6.967454800000004 -0.6009039952139581
6.979757900000004 -0.5928817960517037
6.992061000000003 -0.5772093694446466
7.004364100000004 -0.5541976070883754
7.016667200000004 -0.5242599961355909
7.028970300000004 -0.4879165889586152
7.041273400000003 -0.445795523740208
7.053576500000004 -0.3986322851971238
7.065879600000004 -0.34726701428575385
7.078182700000004 -0.2926402701625968
7.090485800000003 -0.23578771143889507
7.102788900000004 -0.17783419242916867
7.115092000000004 -0.11998776028107085
7.127395100000004 -0.06353398830176801
7.139698200000003 -0.009830988301621596
7.152001300000004 0.03969468953762149
7.164304400000004 0.08355123525928318
7.176607500000004 0.12018401328760397
7.188910600000003 0.1479776709209068
7.201213700000004 0.1652586031267554
7.213516800000004 0.17029872761705078
7.225819900000005 0.16132178831998525
7.238123000000003 0.13651364076113834
7.250426100000004 0.09403815475110207
7.262729200000004 0.032060470303753696
7.275032300000005 -0.05122066759886002
7.2873354000000035 -0.15752991989623005
7.299638500000004 -0.28846045012484
7.311941600000004 -0.44540634730023254
7.324244700000005 -0.6294823093928276
7.3365478000000035 -0.8414314047532253
7.348850900000004 -1.0815227793149553
7.361154000000004 -1.3494423547612533
7.373457100000005 -1.6441808063848202
7.3857602000000036 -1.9639243390355745
7.398063300000004 -2.305954898712417
7.4103664000000045 -2.6665673577612177
7.422669500000005 -3.0410117805510293
7.434972600000004 -3.423469005634775
7.447275700000004 -3.8070673762616956
7.4595788000000045 -4.18394744579386
7.471881900000005 -4.545379846197541
7.484185000000004 -4.8819392492754385
7.496488100000004 -5.183734535652971
7.5087912000000046 -5.44069203317045
7.521094300000005 -5.642885163149842
7.533397400000004 -5.780900253301784
7.545700500000004 -5.846224885599411
7.558003600000005 -5.831642208099747
7.570306700000005 -5.731612409511183
7.582609800000004 -5.542621266846328
7.594912900000004 -5.263475515032582
7.607216000000005 -4.89552587108007
7.619519100000005 -4.442800909756807
7.631822200000004 -3.9120385755649427
7.644125300000004 -3.3126067749460213
7.656428400000005 -2.656309981377224
7.668731500000005 -1.957084786808216
7.681034600000004 -1.2305934733167267
7.693337700000004 -0.49373055833314455
7.705640800000005 0.2359375131408904
7.717943900000005 0.9407751602930312
7.730247000000004 1.6036957043395434
7.742550100000004 2.2087660870404804
7.754853200000005 2.741770027343342
7.767156300000005 3.1907033407879104
7.779459400000004 3.5461786367276256
7.791762500000004 3.8017213954653473
7.804065600000005 3.953945196840117
7.816368700000005 4.002600246670337
7.828671800000004 3.950495917378028
7.840974900000004 3.8033043715530304
7.853278000000005 3.5692580878238167
7.865581100000005 3.2587589279775355
7.877884200000004 2.883920020140589
7.8901873000000045 2.4580640231518043
7.902490400000005 1.99520221750592
7.914793500000005 1.5095183697678969
7.927096600000004 1.0148795587676127
7.9393997000000045 0.5243933244194934
7.951702800000005 0.05002684867253296
7.964005900000005 -0.3977003196820706
7.976309000000004 -0.8099429407092189
7.9886121000000045 -1.1796735400102716
8.000915200000005 -1.5017441922327572
8.013218300000005 -1.7728718625865654
8.025521400000004 -1.9915555843932506
8.037824500000005 -2.1579360562994263
8.050127600000005 -2.273609760352968
8.062430700000006 -2.3414104373041136
8.074733800000004 -2.3651707595750864
8.087036900000005 -2.3494764034272855
8.099340000000005 -2.299423554553767
8.111643100000006 -2.2203893161700208
8.123946200000004 -2.1178226619309126
8.136249300000005 -1.9970616205242049
8.148552400000005 -1.863180416424982
8.160855500000006 -1.7208684270630974
8.173158600000004 -1.574341134880042
8.185461700000005 -1.4272818150425912
8.197764800000005 -1.2828115445609007
8.210067900000006 -1.1434842630394186
8.222371000000004 -1.0113030566266619
8.234674100000005 -0.8877535559903746
8.246977200000005 -0.7738503047824645
8.259280300000006 -0.6701921267569847
8.271583400000004 -0.5770228521479959
8.283886500000005 -0.4942942102249737
8.296189600000005 -0.42172820966968727
8.308492700000006 -0.3588768699229062
8.320795800000004 -0.3051776988905772
8.333098900000005 -0.2600038060770616
8.345402000000005 -0.22270797335255418
8.357705100000006 -0.19266036358560137
8.370008200000004 -0.1692798227798353
8.382311300000005 -0.15205892309508925
8.394614400000005 -0.14058300678179111
8.406917500000006 -0.1345435338734516
8.419220600000004 -0.1337460224275718
8.431523700000005 -0.1381128148601826
8.443826800000005 -0.1476808249216928
8.456129900000006 -0.1625943353719043
8.468433000000005 -0.18309284459043682
8.480736100000005 -0.20949391833792613
8.493039200000005 -0.24217100581706233
8.505342300000006 -0.28152623926841336
8.517645400000005 -0.3279583618233095
8.529948500000005 -0.38182612256473214
8.542251600000005 -0.4434077382794677
8.554554700000006 -0.5128573393335462
8.566857800000005 -0.5901596767597869
8.579160900000005 -0.6750847465440265
8.591464000000006 -0.7671443566042689
8.603767100000006 -0.8655529885088457
8.616070200000005 -0.96919555295959
8.628373300000005 -1.076604768342796
8.640676400000006 -1.1859508706376864
8.652979500000006 -1.295046162052657
8.665282600000005 -1.4013665057867561
8.677585700000005 -1.5020912688881167
8.689888800000006 -1.5941624133068302
8.702191900000006 -1.6743624630296798
8.714495000000005 -1.7394099762490858
8.726798100000005 -1.786069985833375
8.739101200000006 -1.811275712462116
8.751404300000006 -1.812256785346003
8.763707400000005 -1.7866683114637687
8.776010500000005 -1.732714498213099
8.788313600000006 -1.649260227977822
8.800616700000006 -1.5359240601409467
8.812919800000005 -1.3931466261846532
8.825222900000005 -1.2222292876273515
8.837526000000006 -1.0253392143590119
8.849829100000006 -0.8054786510565233
8.862132200000005 -0.5664179821878397
8.874435300000005 -0.3125941693732154
8.886738400000006 -0.04897809149639281
8.899041500000006 0.21908386437184799
8.911344600000005 0.48604706158470523
8.923647700000005 0.7463566484805313
8.935950800000006 0.9946375857222804
8.948253900000006 1.2258776923995156
8.960557000000005 1.4355950821113983
8.972860100000005 1.6199822202059275
8.985163200000006 1.7760201496071455
8.997466300000006 1.9015581145152591
9.009769400000005 1.9953557431647873
9.022072500000005 2.057087001798498
9.034375600000006 2.0873071661297957
9.046678700000006 2.087385943537466
9.058981800000005 2.0594115041540135
9.071284900000006 2.0060714504161408
9.083588000000006 1.9305176102871537
9.095891100000006 1.8362219492454177
9.108194200000005 1.7268308627873574
9.120497300000006 1.6060246672718959
9.132800400000006 1.477388310582741
9.145103500000006 1.3442982526338403
9.157406600000005 1.2098292084090685
9.169709700000006 1.0766830965342595
9.182012800000006 0.9471411849899267
9.194315900000007 0.8230391540583996
9.206619000000005 0.7057636726167292
9.218922100000006 0.5962681579611883
9.231225200000006 0.4951046933776322
9.243528300000007 0.40246862501995956
9.255831400000005 0.31825214666530943
9.268134500000006 0.24210318945287163
9.280437600000006 0.17348613448297204
9.292740700000007 0.11174122229101804
9.305043800000005 0.056140003909213594
9.317346900000006 0.005934722041645389
9.329650000000006 -0.039599911473965285
9.341953100000007 -0.08113349923019841
9.354256200000005 -0.11925571397831808
9.366559300000006 -0.15446094451995715
9.378862400000006 -0.18714132568686945
9.391165500000007 -0.21758730106031143
9.403468600000005 -0.24599460477369503
9.415771700000006 -0.27247636895456373
9.428074800000006 -0.2970789620942993
9.440377900000007 -0.3198001343743489
9.452681000000005 -0.34060808063963927
9.464984100000006 -0.3594601214106923
9.477287200000006 -0.3763198379672598
9.489590300000007 -0.39117167018664617
9.501893400000005 -0.4040321869086602
9.514196500000006 -0.4149574599587705
9.526499600000006 -0.42404620675433136
9.538802700000007 -0.43143860500528747
9.551105800000006 -0.43731091880731493
9.563408900000006 -0.4418663007513941
9.575712000000006 -0.44532234176812424
9.588015100000007 -0.44789612146746655
9.600318200000006 -0.44978765903715584
9.612621300000006 -0.4511627710771559
9.624924400000006 -0.45213640168250674
9.637227500000007 -0.45275749661314824
9.649530600000006 -0.45299644438339604
9.661833700000006 -0.4527360018801619
9.674136800000007 -0.4517664628849896
9.686439900000007 -0.44978562004321415
9.698743000000006 -0.4464038231200359
9.711046100000006 -0.441154160700627
9.723349200000007 -0.4335075034564894
9.735652300000007 -0.42289186135030515
9.747955400000006 -0.40871524234518425
9.760258500000006 -0.39039097380150245
9.772561600000007 -0.3673642757670152
9.784864700000007 -0.3391387709432295
9.797167800000006 -0.30530158834430393
9.809470900000006 -0.26554577063140167
9.821774000000007 -0.2196888272446194
9.834077100000007 -0.16768647939939077
9.846380200000006 -0.1096409059269976
9.858683300000006 -0.04580310334390238
9.870986400000007 0.02343070139017682
9.883289500000007 0.09752832375251003
9.895592600000006 0.17583601954203948
9.907895700000006 0.2575971927934195
9.920198800000007 0.3419744056281471
9.932501900000007 0.4280735614922436
9.944805000000006 0.514969090748623
9.957108100000006 0.6017290019279533
9.969411200000007 0.6874387656953773
9.981714300000007 0.7712231589680477
9.994017400000006 0.8522653967691896
10.006320500000006 0.9298231001373091
10.018623600000007 1.0032408700827182
10.030926700000007 1.0719594419962748
10.043229800000006 1.1355215669768226
10.055532900000006 1.1935748955805408
10.067836000000007 1.2458722200403123
10.080139100000007 1.2922694630247207
10.092442200000006 1.332721789549671
10.104745300000006 1.3672781729759
10.117048400000007 1.3960746783044997
10.129351500000007 1.4193266498030757
10.141654600000006 1.4373199187311274
10.153957700000007 1.4504010922473585
10.166260800000007 1.4589669551747706
10.178563900000007 1.4634530170491762
10.190867000000006 1.4643212684291236
10.203170100000007 1.4620472692917525
10.215473200000007 1.457106771340984
10.227776300000007 1.449962165342866
10.240079400000006 1.4410491327372061
10.252382500000007 1.430763956026796
10.264685600000007 1.4194519940697516
10.276988700000008 1.4073978477569427
10.289291800000006 1.3948177229842518
10.301594900000007 1.3818544391911218
10.313898000000007 1.3685754346017573
10.326201100000008 1.354973988770852
10.338504200000006 1.3409737272273679
10.350807300000007 1.3264363023243977
10.363110400000007 1.3111719705831784
10.375413500000008 1.2949526219521612
10.387716600000006 1.2775266719395386
10.400019700000007 1.258635113458121
10.412322800000007 1.2380279491648087
10.424625900000008 1.2154801920937495
10.436929000000006 1.1908066345248194
10.449232100000007 1.16387464137768
10.461535200000007 1.1346143212925544
10.473838300000008 1.1030255598909364
10.486141400000006 1.0691815575895516
10.498444500000007 1.03322868960822
10.510747600000007 0.9953826886979595
10.523050700000008 0.9559213318599392
10.535353800000006 0.9151739817411145
10.547656900000007 0.8735084833327075
10.559960000000007 0.8313160403220932
10.572263100000008 0.7889947878619599
10.584566200000006 0.7469328362993676
10.596869300000007 0.7054915820119437
10.609172400000007 0.6649900670967155
10.621475500000008 0.6256911209684575
10.633778600000007 0.5877899370161098
10.646081700000007 0.5514056305128959
10.658384800000007 0.5165761950129181
10.670687900000008 0.4832571291378598
10.682991000000007 0.45132384998353814
10.695294100000007 0.42057784953802
10.707597200000007 0.39075639265222506
10.719900300000008 0.3615454051872773
10.732203400000007 0.3325950645711183
10.744506500000007 0.303537487219818
10.756809600000008 0.2740058125749745
10.769112700000008 0.24365391557430569
10.781415800000007 0.21217594102353446
10.793718900000007 0.17932484639297525
10.806022000000008 0.14492916474792997
10.818325100000008 0.108907256390734
10.830628200000007 0.07127840468317113
10.842931300000007 0.03217022554659753
10.855234400000008 -0.008178002750490068
10.867537500000008 -0.049416327837601824
10.879840600000007 -0.0910895008431892
10.892143700000007 -0.13264664246298802
10.904446800000008 -0.17345492630483828
10.916749900000008 -0.21281684713829274
10.929053000000007 -0.24999049658121303
10.941356100000007 -0.2842121461084667
10.953659200000008 -0.31472034250011355
10.965962300000008 -0.3407806581585507
10.978265400000007 -0.36171021084935084
10.990568500000007 -0.37690107546328083
11.002871600000008 -0.3858417537623133
11.015174700000008 -0.38813594449632427
11.027477800000007 -0.3835179619506016
11.039780900000007 -0.37186428077670775
11.052084000000008 -0.3532008327114704
11.064387100000008 -0.3277058396702585
11.076690200000007 -0.29570813059243095
11.088993300000007 -0.2576810493026616
11.101296400000008 -0.2142322109830978
11.113599500000008 -0.16608949986355448
11.125902600000007 -0.11408381570021292
11.138205700000007 -0.059129167996038755
11.150508800000008 -0.002200782470232498
11.162811900000008 0.0556880769628992
11.175115000000007 0.11350985526017339
11.187418100000007 0.1702463199996405
11.199721200000008 0.22491137561032168
11.212024300000008 0.2765724682097038
11.224327400000007 0.3243700442790163
11.236630500000008 0.36753461255136066
11.248933600000008 0.405401053790869
11.261236700000008 0.43741992370399113
11.273539800000009 0.46316559625285203
11.285842900000008 0.4823411945527784
11.298146000000008 0.49478035104983414
11.310449100000008 0.5004459248963911
11.322752200000007 0.49942587995126836
11.335055300000008 0.49192658975160813
11.347358400000008 0.47826388488008875
11.359661500000009 0.45885219279408074
11.371964600000009 0.4341921404948835
11.384267700000008 0.404856997173364
11.396570800000008 0.37147832856837787
11.408873900000009 0.33473121912175
11.421177000000007 0.2953193943720428
11.433480100000008 0.2539605468360127
11.445783200000008 0.2113721362853285
11.458086300000009 0.1682579020045667
11.470389400000009 0.125295292066635
11.482692500000008 0.0831239840825961
11.494995600000008 0.04233564384996541
11.507298700000009 0.0034650427876757005
11.519601800000007 -0.03301736859151955
11.531904900000008 -0.06671135666219348
11.544208000000008 -0.09729121867173468
11.556511100000009 -0.1245084878565839
11.56881420000001 -0.14819302986210206
11.581117300000008 -0.1682525606695881
11.593420400000008 -0.18467064916930925
11.605723500000009 -0.19750330261094162
11.618026600000007 -0.20687426900280437
11.630329700000008 -0.21296922513776048
11.642632800000008 -0.21602904991443475
11.654935900000009 -0.2163424074423136
11.66723900000001 -0.2142378806070326
11.679542100000008 -0.21007590123646697
11.691845200000008 -0.20424071628456428
11.704148300000009 -0.19713260991349996
11.716451400000008 -0.18916056936699352
11.728754500000008 -0.18073553950194163
11.741057600000008 -0.1722643592252693
11.753360700000009 -0.16414441623188114
11.76566380000001 -0.15675899845226993
11.777966900000008 -0.15047326606167802
11.790270000000008 -0.14563072150729264
11.802573100000009 -0.14255002132793004
11.814876200000008 -0.1415219565906517
11.827179300000008 -0.14280643168788176
11.839482400000009 -0.1466292959597347
11.851785500000009 -0.15317892958091045
11.86408860000001 -0.16260255313532226
11.876391700000008 -0.1750023162219775
11.888694800000009 -0.1904313193589583
11.900997900000009 -0.20888982866820371
11.913301000000008 -0.23032204606138
11.925604100000008 -0.2546138894336609
11.937907200000009 -0.2815923075394184
11.950210300000009 -0.31102669255460413
11.96251340000001 -0.3426329503290939
11.974816500000008 -0.37608073608567033
11.987119600000009 -0.411004256402215
11.999422700000009 -0.447016874656366
12.011725800000008 -0.4837295387977922
12.024028900000008 -0.5207727841566974
12.036332000000009 -0.5578217618627532
12.04863510000001 -0.5946234222030159
12.06093820000001 -0.6310246632842289
12.073241300000008 -0.6669999636602169
12.085544400000009 -0.7026767802719649
12.09784750000001 -0.7383568375534175
12.110150600000008 -0.7745313853816016
12.122453700000008 -0.8118885838300017
12.134756800000009 -0.8513113957092542
12.14705990000001 -0.8938647387911188
12.15936300000001 -0.9407711625192473
12.171666100000008 -0.9933749507645956
12.183969200000009 -1.0530952820289254
12.19627230000001 -1.1213698587829533
12.208575400000008 -1.1995911956581162
12.220878500000008 -1.2890384722978676
12.233181600000009 -1.390808448211557
12.24548470000001 -1.5057493433878926
12.25778780000001 -1.6344017566267695
12.270090900000008 -1.7769505834744805
12.282394000000009 -1.9331914853698207
12.29469710000001 -2.102514751495296
12.307000200000008 -2.2839084102279026
12.319303300000009 -2.475981239087757
12.331606400000009 -2.677004966058399
12.34390950000001 -2.884973546890051
12.35621260000001 -3.0976760525522975
12.368515700000009 -3.312778524547112
12.380818800000009 -3.527909265983719
12.39312190000001 -3.74074153195928
12.405425000000008 -3.949067538673929
12.417728100000009 -4.150858168588218
12.430031200000009 -4.344303710647912
12.44233430000001 -4.527832398176014
12.45463740000001 -4.70010530641565
12.466940500000009 -4.859988220550241
12.479243600000009 -5.006503224465482
12.49154670000001 -5.138764810629533
12.503849800000008 -5.255907085622341
12.516152900000009 -5.357009966832782
12.52845600000001 -5.441032982456668
12.54075910000001 -5.506765289439853
12.55306220000001 -5.5527997570479295
12.565365300000009 -5.577537435187307
12.57766840000001 -5.579226511370121
12.58997150000001 -5.5560370982797656
12.602274600000008 -5.5061700823095805
12.614577700000009 -5.427995042765371
12.62688080000001 -5.3202091873977455
12.63918390000001 -5.182006611911033
12.65148700000001 -5.013245228900387
12.663790100000009 -4.814597632943942
12.67609320000001 -4.587672118729543
12.68839630000001 -4.335091115710865
12.700699400000008 -4.060516426141572
12.713002500000009 -3.7686137441069767
12.72530560000001 -3.464952797823964
12.73760870000001 -3.155843831129841
12.74991180000001 -2.848115705967045
12.762214900000009 -2.5488453216634532
12.77451800000001 -2.265051965002078
12.78682110000001 -2.003373312059271
12.799124200000008 -1.769741838161709
12.811427300000009 -1.569081173081912
12.82373040000001 -1.4050413754296531
12.83603350000001 -1.2797902060765352
12.84833660000001 -1.1938743708113309
12.860639700000009 -1.1461605867944162
12.87294280000001 -1.1338614931726791
12.88524590000001 -1.1526462160346673
12.897549000000009 -1.1968301823395615
12.909852100000009 -1.2596339258237998
12.92215520000001 -1.333496479156211
12.93445830000001 -1.4104257833318463
12.94676140000001 -1.4823665724843278
12.959064500000009 -1.5415655230436653
12.97136760000001 -1.5809141050360729
12.98367070000001 -1.5942514579153169
12.995973800000009 -1.5766125636377764
13.00827690000001 -1.52441076427729
13.02058000000001 -1.435547978676846
13.03288310000001 -1.3094504950966408
13.04518620000001 -1.147032636929869
13.05748930000001 -0.9505946226950458
13.06979240000001 -0.7236643211050788
13.08209550000001 -0.47079514981145204
13.094398600000009 -0.19733396688062096
13.10670170000001 0.0908265826874204
13.11900480000001 0.3874971436043395
13.13130790000001 0.6864292239159709
13.14361100000001 0.9815302388760175
13.15591410000001 1.267047413728619
13.16821720000001 1.5377146581668661
13.18052030000001 1.7888593489953153
13.192823400000009 2.0164686858341105
13.20512650000001 2.2172177495040506
13.21742960000001 2.3884634625044487
13.22973270000001 2.5282102361492185
13.24203580000001 2.6350541431433263
13.25433890000001 2.7081129722447717
13.26664200000001 2.7469495332510814
13.27894510000001 2.751495143955675
13.291248200000009 2.721979423403741
13.30355130000001 2.6588714258730004
13.31585440000001 2.5628358683738184
13.32815750000001 2.4347068182100293
13.34046060000001 2.2754797950042662
13.35276370000001 2.0863218713277396
13.36506680000001 1.8685980837298102
13.37736990000001 1.6239113366217237
13.389673000000009 1.3541520309815887
13.40197610000001 1.0615529069183705
13.41427920000001 0.7487440771647422
13.42658230000001 0.41880296679483325
13.43888540000001 0.07529387803065732
13.45118850000001 -0.2777078221140941
13.46349160000001 -0.6356113366773395
13.47579470000001 -0.9933295137419735
13.48809780000001 -1.3453239011255547
13.50040090000001 -1.6856770274639465
13.51270400000001 -2.008191701417803
13.52500710000001 -2.306515572948763
13.537310200000011 -2.574287643887882
13.54961330000001 -2.805301943596799
13.56191640000001 -2.9936822978852997
13.57421950000001 -3.134061110655925
13.58652260000001 -3.2217544314783644
13.59882570000001 -3.252925361996215
13.61112880000001 -3.2247280961418574
13.62343190000001 -3.135425597568998
13.635735000000011 -2.9844750615083675
13.64803810000001 -2.772576822038121
13.66034120000001 -2.501684153731943
13.67264430000001 -2.1749733596397975
13.68494740000001 -1.7967755026360224
13.69725050000001 -1.3724729888821516
13.70955360000001 -0.908365824275881
13.72185670000001 -0.41151363138840336
13.734159800000011 0.11043964080469927
13.74646290000001 0.6494509994809393
13.75876600000001 1.197266448922535
13.77106910000001 1.7456050640463092
13.78337220000001 2.286333235789105
13.79567530000001 2.8116243539409305
13.80797840000001 3.314100469078216
13.82028150000001 3.786953785115824
13.832584600000011 4.224047068511273
13.84488770000001 4.619993127027674
13.85719080000001 4.970214342608822
13.86949390000001 5.270983801416752
13.88179700000001 5.519449842769004
13.89410010000001 5.713645870454284
13.90640320000001 5.852487082406753
13.91870630000001 5.93575544349179
13.931009400000011 5.964073826079262
13.94331250000001 5.938869849531622
13.95561560000001 5.862329630242475
13.967918700000011 5.737341461192377
13.98022180000001 5.5674294072682065
13.99252490000001 5.356676940880862
14.00482800000001 5.109641040805119
14.017131100000011 4.83125760521882
14.029434200000011 4.526739542033638
14.04173730000001 4.201469440666265
14.05404040000001 3.86088924106179
14.066343500000011 3.5103897426880817
14.07864660000001 3.155203091460905
14.09094970000001 2.8003015119446633
14.10325280000001 2.4503054969070086
14.115555900000011 2.1094044239862155
14.127859000000011 1.781292153182328
14.14016210000001 1.469119596013124
14.15246520000001 1.1754655747558407
14.164768300000011 0.9023265519111502
14.17707140000001 0.6511250517976573
14.18937450000001 0.42273586217988185
14.20167760000001 0.21752843300925018
14.213980700000011 0.035423312882827206
14.226283800000012 -0.12403999650632744
14.23858690000001 -0.261626719936064
14.25089000000001 -0.37832517594327814
14.263193100000011 -0.4752630621095433
14.27549620000001 -0.5536248515361033
14.28779930000001 -0.6145733580708675
14.30010240000001 -0.6591783100437477
14.312405500000011 -0.6883544877392294
14.324708600000012 -0.7028116414608735
14.33701170000001 -0.7030180241145371
14.34931480000001 -0.6891789502334164
14.361617900000011 -0.661231334509728
14.37392100000001 -0.6188546673996126
14.38622410000001 -0.5614983532199318
14.39852720000001 -0.48842476919461864
14.410830300000011 -0.3987668078853492
14.423133400000012 -0.2915980517936917
14.43543650000001 -0.16601311594553556
14.447739600000011 -0.02121510747022603
14.460042700000011 0.14339337735457422
14.47234580000001 0.3281197314340287
14.48464890000001 0.5328956022675845
14.496952000000011 0.7572003825314011
14.509255100000011 0.9999982849227655
14.521558200000012 1.259693052209645
14.53386130000001 1.5341038052340699
14.546164400000011 1.8204647482757463
14.558467500000011 2.1154504551786504
14.57077060000001 2.4152272913752686
14.58307370000001 2.715530243388823
14.595376800000011 3.01176309915503
14.607679900000011 3.299118629326887
14.619983000000012 3.5727142448478304
14.63228610000001 3.827737629886716
14.644589200000011 4.059596142723079
14.656892300000012 4.264063395915303
14.66919540000001 4.437416406172599
14.68149850000001 4.576557054915249
14.693801600000011 4.679112308154673
14.706104700000012 4.743508669656554
14.718407800000012 4.769017622586398
14.73071090000001 4.755770272331349
14.743014000000011 4.704740945416874
14.755317100000012 4.617701029946135
14.76762020000001 4.497145767695941
14.77992330000001 4.3461979421511
14.792226400000011 4.168493380976171
14.804529500000012 3.9680538563495737
14.816832600000012 3.749153295731527
14.82913570000001 3.5161832062877174
14.841438800000011 3.273522888372691
14.853741900000012 3.0254194071816136
14.86604500000001 2.775881462669081
14.87834810000001 2.5285903125088
14.890651200000011 2.2868298326497625
14.902954300000012 2.053436715819532
14.915257400000012 1.8307707754932094
14.927560500000011 1.6207043970509991
14.939863600000011 1.4246294020828463
14.952166700000012 1.2434789946813465
14.96446980000001 1.0777620539218298
14.976772900000011 0.9276068243762126
14.989076000000011 0.7928110239802407
15.001379100000012 0.6728955135931549
15.013682200000012 0.5671589259358679
15.025985300000011 0.4747310001057577
15.038288400000011 0.39462277731469797
15.050591500000012 0.3257722511020456
15.06289460000001 0.26708450172908427
15.075197700000011 0.21746575537591914
15.087500800000011 0.1758511754946036
15.099803900000012 0.14122650360409342
15.112107000000012 0.11264391312219628
15.124410100000011 0.08923262088393231
15.136713200000012 0.0702049194785009
15.149016300000012 0.05485835542555427
15.16131940000001 0.04257479171799345
15.173622500000011 0.03281706782491587
15.185925600000012 0.025123915659018472
15.198228700000012 0.019103715674371687
15.210531800000012 0.014427591664623167
15.222834900000011 0.010822253203349166
15.235138000000012 0.008062906785744645
15.247441100000012 0.005966474889603601
15.25974420000001 0.004385289264450432
15.272047300000011 0.00320136242521339
15.284350400000012 0.002321290175511193
15.296653500000012 0.001671797807444454
15.308956600000013 0.001195912624455313
15.321259700000011 0.0008497244357210813
15.333562800000012 0.0005996822967186095
15.345865900000012 0.0004203685840467681
15.35816900000001 0.00029268910497688743
15.370472100000011 0.00020241908770864605
15.382775200000012 0.0001390484779216545
15.395078300000012 9.487506866065369e-05
15.407381400000013 6.429988963852825e-05
15.419684500000011 4.328543061126628e-05
15.431987600000012 2.8943279485236546e-05
15.444290700000012 1.9223358701634597e-05
15.456593800000011 1.2681988569740224e-05
15.468896900000011 8.310420334648203e-06
15.481200000000012 5.409250951828049e-06
