# 201 (atomic units)
0.00000000
0.14435501
0.16723147
0.19824789
0.20527804
0.22665512
0.23193232
0.23673178
0.24131075
0.25227675
0.25609868
0.26674128
0.27034639
0.27539575
0.28178645
0.28246264
0.28268681
0.28420088
0.28526294
0.29253563
0.29843757
0.29956577
0.30080055
0.30232932
0.30410064
0.30907282
0.31059425
0.31354522
0.31446027
0.32070398
0.32407022
0.32654345
0.32784805
0.32926290
0.33104157
0.33212200
0.33570138
0.33768585
0.33785489
0.34028035
0.34039060
0.34513861
0.34618229
0.34930966
0.35300664
0.35330798
0.35432594
0.35433329
0.35631408
0.35759663
0.35974279
0.35979424
0.36085629
0.36217559
0.36260924
0.36524049
0.36697138
0.36725803
0.37023472
0.37329961
0.37334371
0.37486881
0.37798883
0.38125952
0.38315946
0.38387607
0.38518802
0.38691891
0.38702916
0.39038437
0.39246439
0.39432758
0.39525733
0.39628264
0.39759092
0.39896167
0.39917481
0.39921524
0.40316211
0.40322826
0.40558389
0.40857161
0.41102647
0.41293008
0.41359157
0.41361362
0.41364302
0.41365405
0.41402154
0.41508359
0.41817054
0.42003740
0.42035712
0.42036815
0.42290752
0.42427460
0.42475234
0.42971717
0.43089683
0.43101810
0.43174574
0.43191846
0.43201768
0.43259097
0.43419324
0.43569629
0.43945207
0.44244714
0.44345407
0.44346510
0.44393916
0.44430298
0.44605592
0.44734950
0.44781254
0.44932661
0.45176677
0.45207179
0.45268183
0.45288762
0.45313017
0.45483166
0.45831550
0.45906151
0.46051678
0.46052046
0.46455553
0.46460331
0.46761308
0.46881478
0.46921902
0.47103076
0.47183557
0.47203769
0.47807561
0.47870402
0.47928833
0.48096778
0.48200411
0.48208863
0.48919963
0.48933927
0.49013306
0.49021758
0.49069165
0.49126494
0.49132374
0.49338537
0.49371244
0.49531471
0.49582185
0.49618200
0.49736165
0.49891982
0.50011418
0.50012888
0.50151065
0.50312395
0.50333709
0.50402798
0.50536933
0.50602714
0.50695690
0.50772129
0.50875394
0.50982702
0.51020186
0.51024596
0.51053996
0.51219368
0.51298011
0.51344683
0.51345418
0.51394295
0.51538719
0.51848149
0.51933775
0.51991104
0.52260844
0.52470315
0.52613637
0.52641567
0.52679786
0.52827886
0.52982968
0.53018982
0.53201994
0.53232128
0.53295337
0.53305627
0.53501501
0.53557360
0.53698845
0.53803213
0.53864584
0.53873036
0.53902068
0.53936613
0.53953885
0.53993207
0.54136161
