#200 mcdb
3.92810000 2.32877098e+00
4.55060000 1.36123603e-09
5.39460000 -1.34500555e+01
5.58590000 1.34249368e-06
6.16760000 5.78230714e-08
6.31120000 -5.32468645e-12
6.44180000 3.67972579e+01
6.56640000 1.07901559e+01
6.86480000 1.93624023e-11
6.96880000 -8.60457963e+00
7.25840000 6.57129376e+00
7.35650000 -2.73680084e-06
7.49390000 -5.12427440e-05
7.66780000 -2.61630988e+02
7.68620000 -9.38721573e-07
7.69230000 -1.00702434e+01
7.73350000 2.83086765e+02
7.76240000 -1.19469513e-06
7.96030000 -5.19347778e+01
8.12090000 9.04537600e-06
8.15160000 -1.17764531e-11
8.18520000 1.28479764e-05
8.22680000 -2.27632186e-05
8.27500000 3.30355264e-06
8.41030000 -4.05270762e-07
8.45170000 -3.73436974e-01
8.53200000 2.17070974e-11
8.55690000 1.04075573e-01
8.72680000 -3.49437706e-05
8.81840000 2.09645800e-10
8.88570000 -1.35473795e+02
8.92120000 1.39547162e+02
8.95970000 2.86043732e-11
9.00810000 7.05627703e-11
9.03750000 4.27160079e-07
9.13490000 -3.14578574e+00
9.18890000 -5.96919924e-06
9.19350000 -1.82797943e+00
9.25950000 2.62590718e+00
9.26250000 -4.43790129e-05
9.39170000 -6.39146313e-08
9.42010000 -6.19973957e-06
9.50520000 -3.70929272e+00
9.60580000 4.45443838e-05
9.61400000 8.15610212e-08
9.64170000 -2.07356254e-07
9.64190000 1.30797920e-11
9.69580000 -2.62886308e-06
9.73070000 -3.94292959e-01
9.78910000 4.20962164e-01
9.79050000 5.00461671e+00
9.81940000 1.37166873e-03
9.85530000 -3.92896844e+01
9.86710000 2.65032074e+01
9.93870000 7.92706471e+00
9.98580000 1.59309542e-05
9.99360000 -1.88769352e-06
10.07460000 1.42799139e-01
10.15800000 -7.14355256e-01
10.15920000 8.93417469e+00
10.20070000 -3.60075366e-11
10.28560000 1.00847448e-07
10.37460000 3.61295762e+00
10.42630000 -1.59804349e-05
10.44580000 1.11180421e-04
10.48150000 4.85754917e+00
10.52860000 3.53955685e-03
10.53160000 -3.74036495e-03
10.62290000 -8.74163582e-07
10.67950000 -1.18956146e-05
10.73020000 1.46208533e-05
10.75550000 -4.07846199e-06
10.78340000 -2.97274027e-06
10.81900000 -8.84313901e-06
10.85630000 -4.02581150e-04
10.86210000 1.25990592e+02
10.86320000 -1.24288252e+02
10.97060000 5.09804295e-01
10.97240000 7.42706136e-09
11.03650000 -5.64818889e+00
11.11780000 1.03088414e+00
11.18460000 -3.98169184e-05
11.23640000 -2.57404842e-06
11.25440000 1.12815486e-09
11.25500000 5.62740699e-03
11.25580000 -0.00000000e+00
11.25610000 -4.52933295e-03
11.26610000 1.07764492e+00
11.29500000 3.39957481e+00
11.37900000 2.38290611e-11
11.42980000 2.53841193e-01
11.43850000 -9.93609616e-05
11.43880000 2.85442894e-04
11.50790000 1.64180509e-08
11.54510000 5.21126679e+00
11.55810000 -7.18531783e+00
11.69320000 3.26902858e-08
11.72530000 -8.28775266e-09
11.72860000 1.02207754e-06
11.74840000 1.21339765e-09
11.75310000 1.39089988e-05
11.75580000 -1.27092197e-05
11.77140000 1.18286252e-05
11.81500000 -3.81141613e-06
11.85590000 -5.47642126e-06
11.95810000 6.97957296e-08
12.03960000 1.41452045e-08
12.06700000 -1.60663907e-05
12.06730000 1.75028083e-05
12.08020000 -3.52986044e-10
12.09010000 -2.31050967e-10
12.13780000 -2.45017134e-11
12.17300000 -7.46614037e+00
12.18560000 -3.19023214e-05
12.22680000 7.37225662e-09
12.29320000 3.90110102e+00
12.30150000 6.26600188e-01
12.31810000 -2.08346939e-05
12.32370000 1.29875473e+00
12.33030000 6.89127077e-01
12.37660000 6.13541972e+00
12.47140000 -6.01741588e+01
12.49170000 -1.22737684e-06
12.53130000 3.66420126e+01
12.53140000 1.75197109e-03
12.64120000 -4.08650532e-03
12.64250000 -1.50227060e+00
12.72440000 -7.78969275e+01
12.75710000 1.56767523e-10
12.76810000 3.35136850e-11
12.81740000 7.93572851e+01
12.83930000 -5.43055351e-04
12.84480000 9.72099781e-04
13.00910000 -1.90141863e+02
13.02620000 1.51955697e+02
13.04210000 8.21873039e-03
13.08780000 -1.21568994e+01
13.11600000 -0.00000000e+00
13.11830000 2.12828360e+01
13.31180000 -1.97745696e-11
13.31560000 8.60589944e+00
13.33720000 5.57486510e-01
13.33950000 -1.65079412e-05
13.35240000 -1.74736715e-04
13.36800000 5.25500255e+00
13.36960000 -3.00219178e-04
13.42570000 -1.04518399e+00
13.43460000 -1.13910730e+00
13.47820000 1.38922103e-09
13.49200000 -1.07762840e+00
13.50180000 -1.20575996e+00
13.53390000 1.91004763e-05
13.57630000 4.29955093e+01
13.60880000 -5.35292736e+01
13.60920000 9.75607257e-05
13.64680000 -3.15039364e+01
13.69070000 -2.68101839e-04
13.69650000 -4.13633778e-03
13.71530000 6.72307541e-05
13.75180000 3.36285904e+01
13.76970000 4.15289214e-05
13.79500000 -1.74941718e-06
13.81580000 1.54140417e-04
13.84390000 3.52943698e-12
13.87310000 3.13654138e-07
13.88330000 3.57049220e-03
13.88450000 -6.45370164e+01
13.89250000 4.75318733e+01
13.93750000 8.87761764e+01
13.95890000 -2.72872661e+01
13.97160000 -1.49811982e+00
13.97180000 -9.20471791e+01
13.98510000 7.92784929e+01
14.02440000 -0.00000000e+00
14.10860000 -6.97963482e-06
14.13190000 -7.53676835e+00
14.14750000 1.07645058e-05
14.22090000 5.67146300e-03
14.27790000 3.65964840e-11
14.31690000 -1.40105457e+00
14.32450000 5.67207356e-06
14.33490000 -3.92260408e-09
14.37520000 1.39058733e-06
14.41740000 -8.78368082e-01
14.42720000 4.65590322e-11
14.47700000 -3.28675093e+00
14.48520000 4.68164128e+00
14.50240000 -1.00247254e-03
14.50520000 2.17437593e-04
14.55850000 4.94083314e-10
14.57370000 -1.24303805e+01
14.61220000 -3.98667626e-08
14.64060000 8.44622193e-05
14.65730000 -4.84491925e-04
14.65960000 1.16925266e-08
14.66750000 -1.02625748e+01
14.67690000 -1.37297729e+01
14.68160000 5.87974173e+01
14.69230000 3.22373866e-08
14.73120000 4.62757994e-01
